142101450000041201
434021602020230211
134200611011431120
012101424101334010
300220003221234210
440310532120100220
223120604010113000
041220001310544200
322120221320114321
243020121310150321
434010202000251121
630111154320511321
112020351311242021
241200111200440120
642321543111051120
230110102010221120
003020110210022300
541221003111513300
134011504201601001
600021141221300021
501200630221622010
254011510221011121
611020602310450201
210220431020344120
312020212201313201
211001034100503200
632210151101130121
200100111110310120
254110610111333111
113200023100643111
204321501100614121
541300531210003020
110110041110002201
222021453121401200
031021323010344211
251010223301143310
410120103010320211
420321450211604321
003211144221010021
500211621321324220
221100223200443111
212010534101203210
634320353300614021
652000621301434221
524021231011604300
221301253301031310
231011114021033010
501211011101100111
032210320110204100
340300101000442120
024210610011522210
334310521201123210
014311623010612321
120221500020521020
543001621301613310
033000554320150001
150110144101254021
441000112300650210
000211421200421301
323001522110004110
251101451021500310
251100423000140210
210221230320202111
211120221221523320
512220332100322121
013120101300601300
403000344101054200
124001343310440001
131120004020444120
541121352100234201
020010521121141000
534000054220120000
311311203221540201
531210652300644221
341321654320404200
213000454301644320
512210211211032021
414300210301001011
432300623100024011
621011204211601201
203311021001330111
413211040121633011
502111411210620220
251311513201203300
342010134220201220
203010220011050121
634100513021032211
551110621021003321
031310213221252001
130011212010322110
223321254120102120
522210423110351311
050200403211110320
200221104100411010
114311200301303021
633011651010443220
050201543110043100
141021524021154120
330211013220520120
052010620210102320
611001021010213121
642211141021222010
020021331120514120
354321252300500020
600001623301324020
303311151021541111
514211223220512121
100020342101350110
333320454120532120
133320431221112310
212000402021103320
642121003211151001
502210212111511311
502000432021301301
313220030301603111
302300502200323120
303211523311510001
132100644220121101
151000431101141221
344010031121150200
650021423101021110
251101554110621020
303311614311020220
640101443001154021
551311324211401010
454210003010554121
012020430300140101
351000143221612220
350211610301443120
423010103301020210
241010120201153021
411010424001551021
202220531101313301
053311422310433111
233200420021114320
610321342120143301
513010423210654011
620310134320201221
231021040300331100
504300514311512111
354201034020254200
510201123200333110
631321243100204221
451301250221111211
531000322200224301
111001403300512101
501111240100034100
421021330021540200
552001033110504111
430201033001154300
011120020300221311
431010512100040211
343110020000312211
532011630100221001
531021623311540210
003010444310501001
044220630121620211
510300542200043121
414220600311251221
602211313321300010
042121521110214310
353320453201424220
332121540121610101
324010023220501111
413011233021434101
221110050200114311
650221251221510111
234201311101110101
250001500311202000
433021420001500001
240021421201222220
434021523000524301
652021310100354220
104320150120322310
253000340111402321
412201052301520211
301100031101034220
402221140120340210
420321240001152101
110321013100054010
552300202201641120
304000400001341301
134201214011613111
201111004101412021
401010644220143321
210121401311533300
642121323321534211
014310414010200300
214001432100653120
653121043320312221
204300650100512120
034020104211450121
334211144100602221
121000512211024101
200211041210510111
011110000211541201
012101141300253011
133021400200314310
653210233011451310
030300134310054020
430110433011420020
251200214221144121
602110154310351011
634110001100604120
154121230300341121
052020220111412120
251120033211040300
204100443020352200
353121610000541100
411300400201024321
112300443210532011
651300000211331001
113100621111503121
551300353221520210
641001634320110211
010310412221524100
421110231101523120
013101050311124020
641121141220112120
344121041111550301
110300204000213310
502011350220514301
610310314101350000
104320542120414011
000011220001110201
503220522121531021
303221022200150220
214310410321451321
433210232101451120
440011000100323121
654121534011401220
634201231101054111
603120051200444000
253210224020631321
403121303320632320
631321630121553010
303120533011511011
422001153310131311
032200304200612311
050311640201603310
644000313100021111
110221210010042300
533210501201442300
003110333021522310
653310650200144310
533110602111403220
213321114300131111
504011151020233300
350100303111612210
641311501011220210
222320342111234320
350000500021033321
431220651321502120
254200632201610310
402120612200401011
522210001011254321
003300623311141200
102020102110134200
544310150301633211
622020502120143201
350320503010651020
130120631021021200
550121622101530110
030001532310432021
454000210200143320
324220343300031100
432101553211601001
121310241220200321
033111031100433320
623021234020020101
500110221120233311
140221120301152101
343021624001211111
621011424010211311
343020604321251111
112321044121600200
550221503020603311
202001254220044121
121311024101643020
554211234211342220
612310511001221221
432300141300410020
134120603011141011
233201112101234310
202220352311414100
313000053311112011
014111330221613320
232211321020331111
140220644120434021
522321430101612321
104000604021042201
002210640110001010
344101534020003101
351201151110604321
504001330311131310
150300621110204101
003121511000311021
520310241320354221
023011410200514000
531001603301203110
252101434021524310
614010543221153310
210110501201112120
604320250020524300
140310050200301021
323010401201524111
132010021011612021
010321302321610001
222301020300340300
330121124210540200
524221603001511320
344100611320043011
401201631110233200
404221632201340101
411321644011144301
524321441321324011
413121610001142001
611120221301230201
531101124201614010
421311353110313021
450200134301630011
102310010120412100
403310042020333000
244311542101150310
341021210010642310
410020413200522100
250310154100153201
604311554000432110
331321522001544010
641311334001030110
342021134300333021
240101144120350021
241111242220600220
312120621020040010
541120422320054111
102120153001532320
444000013020110220
124311004301440320
202001313111003010
512111454110231111
614021531111640310
450110101011541210
134021252201530300
241310352110323220
400210433221053311
221210004120234100
511000050121253321
501320313111342320
412121212310010111
012101353311421010
630020334310512211
203300324321323111
530300402101101020
514101630121001011
614120252321204310
111101033101324220
042010050110550221
430310520011143210
603221102311634011
541211644311610221
350111114220341111
413020602320421020
503320504020602101
450321254311644220
341010554000141221
212020454001051001
314211420110130001
551321654210254211
450120253020551210
524001420010444201
432211200111200021
131211434101213121
452320003020613110
602301010220601010
404301010120103120
130310411020550100
312310010000454101
152121041310451221
250221620101250010
033100441010400221
052100003211353200
621221543120550301
600001424100550300
510010430301101321
050221424021314320
640111342221623310
110221552201603110
613120202011053101
124000451000452010
410321631110623210
600011100210014001
452201423001512220
322101152121410001
513001130021650321
451210203110534300
030311222220230111
152310352301504301
500111322321321121
012110350020232310
312201610010021301
022210153101002301
633321522301131110
602210212121233020
102311331011344100
502101650010042211
402001532301212220
124100400300024020
330311600100223300
204101633020322111
413120430200220220
611121150301011101
242111342001223120
402211202101602300
222211642220213301
220201041010032101
112111413310524001
113111414111610021
542110320010334010
631221354301643021
303011144211341000
600000033210602010
542320554020500320
440120654110311221
441201051101403320
623101553300451001
354011532101221201
143100032320502011
102210654311453220
601221552021441211
644301532000341200
102001021010421011
200310042311504001
444301254121441010
243101113111134120
230310521100410210
641220152220652211
003311321210321220
503210014011531220
133110543311123211
043201420101442010
350110412020221021
530211003201100021
330020441001334121
240021644221353310
452010103221034321
313121022020150210
440111251221652220
143001653001132200
300101144000044120
533020641301512101
533101311200254201
304321654120400300
244310351120230000
353110242020413021
450220322211312301
444321552311151120
101301500000001010
532021104221353110
230001630320450121
114010433111140111
112111141220212110
431210512120213001
533000533010500200
541310530301532201
131220012001520020
133300604311552310
152321102101600311
253120102101521300
530320352220150121
144020034301153121
652101032321051201
153120034211423210
644201140200053300
324220310011001111
521010010011551311
530300213111203120
044120502020523110
100321254101024020
420121022311012011
133310410100651221
113111501121344001
610110650101621210
554300532110454311
504210434310541310
200211202220422201
111101622020151200
534021654321312110
424100324300531320
653220214100454221
152220324010202110
142010304010504010
224220112211153021
213011233200531211
033020550121630311
422111633201340211
420010143120201221
432001632210454021
104220330320123010
244001123120341011
130310151210152210
452320040301353220
323000303021433110
144300212201133301
253110250200414311
332320452200120300
604020451111152001
033120030100203301
254311234200202211
140300514221640100
432220030010133301
142210242300424111
514010112100310101
114020512101510101
450301014000252320
212021542021644101
241310110121310221
032200014211100100
410101352210632310
154020631220614111
211021223321300211
314221552111024110
351111353011053001
032010624200513301
501300633201431020
432211423210521221
252300143101453310
524221240111522000
543311012310440011
533221424300652301
450321623320132011
241310233211334300
211301003310224000
222000620001243020
101310652000403221
334311652320543311
452010041200030101
424120633310050200
200200151111554011
300021653320414320
101210230021052010
351010620220651221
443010620321432111
310111243210010020
503021404321250321
112220610020030100
034100311310102201
553111054311611101
632111540021242111
300100320100054111
210210454221133311
010201502101424320
234100452220632121
504010443301451110
111210612321332201
201001324001013011
341211210200143121
432021010210542111
334300634111101320
353020644121311311
001021030111511220
410220604201404110
134300214100012221
120120241310212321
203200041221113301
544111622021111121
442101551210121320
623300322101331001
044021200021614011
502300142100630111
402220022121020301
324221032201203200
200310342301420320
512100520010054020
051011012101423200
003121620200122121
020011314211531010
240311051310121121
554200253001343200
143120211021421210
412320633321103101
514011634310334101
210011603321111020
233121451001142300
344211234200620110
424120303120443111
021110433011420021
633211350010353220
632011552121603321
414311142221633221
112321540001642200
221300101110101010
412020150320524221
224200142211142020
454011652310204111
600300143220143100
641000002100150211
611311510301100311
013100040200601111
454121301120001200
252300051120041200
322221633000200200
624020612021020010
630201223310032020
603110412100412001
503321401201020000
241120333111040020
643010223211522121
132120314210053220
404311601000650000
401300411311130301
330011640310334221
551211310021053211
202010522310643101
452210134020351020
623220201120010311
341310451010043001
404010140310652100
103101011111500021
501120033110122311
452120640301050100
023300632121523020
154121120321513321
012001300200110300
441200101110233011
212221031200502010
512120433221250111
001120031310154000
614000532020041320
214311333211143010
553320140320153100
340221650311631221
222010532010621220
034111122320004211
530000644300021320
143100132111631001
250311033210123320
251100223100630001
131210623101600200
431221453101203021
554111013211340301
453010043101641101
624320530121511010
552211353011534200
323000302101000310
421120300110314010
404100544201102120
504301521111123320
041300500010110011
123001413220214101
531200423210501011
553110132220450011
334301043201211211
440101342201032320
104310323010142020
320021153120141311
534000134301030210
520000400120224101
551211021020652220
222010112220153020
034111500010432020
350020101311301111
112000001220203021
044211634110412110
042200441211252101
044210452311352021
233001440010632220
004000111201621321
001001442001631200
533001421220443300
203310431111410120
344321241020100001
150010124011313100
034311044301531001
532020651201243221
312001640211310310
620021552320151211
303111301321612211
520321434300512221
330301034111032021
122011043001141001
312211404311332021
433220122320333320
241020052100210301
550211052211202021
340300622100244210
550221004010034021
330310233100603001
651321130011352000
634110340320454210
432000514300120221
223001042011023120
054300143110602220
543111204001430300
610121233010540300
604120150020241220
414120022000312020
233221531310543321
241021040310021200
312100544020134120
211200223320353010
613120110311153320
354220543310354111
303221001020631221
002110114000324010
631200013001303211
552201213100400221
213111650211443210
152011354301243010
634210021300410021
453010103321201110
604221122021502020
051210413000011121
024311523010601210
524221000011114020
421000350211113101
614310344311422200
333011611320322321
420310144120642201
103101212201330321
344310050200604001
530020311000322101
300220040220210300
414311044010523001
402201333000602220
251001222301100321
620010131020044320
553221300221652301
234320610020520210
032000102020114021
630100340001252300
204220450220104220
444120353010613220
253010513011414011
552310053010002121
513310051211344110
020011554121510321
210021012221130311
124300534120551321
234220120100323111
121001331000222221
333111341311121001
620021234120403100
031011540020043001
243100554321252121
052201102300543200
233100404310324300
411200214121521100
420200342300521220
330200154120523210
232300233011512120
033200602001433000
014321030011633220
600020432310412301
124020042300511100
511200554101020100
540001603001012110
650220511321542001
331201540211203101
110100031201040121
433120320311141100
034301553210420311
410311450310053110
622200341100420010
304210323000153220
611310651121321100
240310510310001320
004020644120411211
353310000311454221
313220633111224120
532221622121303321
243020132110033121
341001250310530120
141110102220534020
302320110000232300
023300514100111101
233311253311151120
612300651200032111
601300651300114200
032120044221641011
131011640200300301
032320604310644121
331020330210102011
530211032100041320
610020324111631320
001121510310333301
523010443321120000
433201301221054200
053111544010354100
342001220200313320
643111150201333010
550110324120123111
131101330221544021
642010511001444001
551311030100251021
352120021021542011
404311342120652020
240011131320322020
604321334221412111
424311642100644211
051210620111444000
013010144300420310
452101441311314110
353101400020340110
322320643210433310
514220230320644110
334301620120141210
203211403320452211
253321230221433310
543220010020533311
114210551101500221
551001603220303021
124011320021223321
321020631011041100
141210314211611000
100121034000444311
004221450001403200
013211010200141021
543320643210402210
501020603201354310
104100131110042201
142011022301052311
350201111010024000
321310623310244000
423011352211450301
403100300211334200
531300054300152321
414221303000554321
542121301210224011
221120001101032010
421010333310003310
034310044020121000
004310141311552210
252210600220530121
341220110200104320
234120441011503300
300320633110541121
610000141000441000
620021221221553200
002301333100450320
651001620110423210
111101121011502021
151301142021110120
420321410100053010
334100333000222020
204300610301643200
320120624210651311
102210412321000201
323201554000203101
602020233201221100
214101522000302310
514300223110040200
002200103101403120
432221200000310220
433120252310341320
004321442000103111
041110100301002320
304021614300034320
452221204120110311
320020540301550100
423001021021610211
252301502301041321
343211612021540021
110320542121654021
433201643101031111
022011132221120110
143221352200324110
644320500300504001
342221303000022210
034000232221234210
131120402001451100
100220352320200320
424011453021602220
221201012200151311
134100542011641310
202000112111320300
533200311211332321
221120502111532310
341201243110500211
343221344321404321
311201402220624000
312000021101154321
641011123301520301
421320430110252011
340200143310630301
603101020120123320
612311314110621320
504000324020110200
050100340120350001
620020350300152100
212121133120410211
452221611220124021
042200644311640211
154211440011320110
533101504100141000
050010122110414110
521220142100142110
000121102301224221
422211324311652220
611101413120330120
643310401100331100
453211020311631021
023001213200032100
350020544301040211
553000613321651311
340321051010454300
402120021120034100
350101433210422300
333121531111433100
611010124300442300
530221403200314101
510010611200412221
110120414201140101
214211410321331300
354201152100120011
422221614010640301
331301554120602310
013300321110144201
222001323100203201
651110011111213321
334120332110400011
652220620020404020
130301234210304000
512000424100354101
433201631101124201
324200142320112120
133121310320404000
030221454121543111
310321001010512301
341321521221134301
002321503010002220
434000220320420110
011310042210104321
213110553001432310
203220424200530101
241311432111522210
140120412320352110
241321123111223021
130211303211132311
042101113110523311
031320443311042221
233001303120602110
434321102320354300
454200130310454011
301110352111400101
111101044001511320
431211332310231200
632010050001011221
110010320200310300
600020654320151310
101100120110611211
110311621221254110
032010020110452020
444100641000211000
402010644321323000
404211552010454021
404211323220300210
612300214200003000
153210300000344120
354121504010150121
520210113201043011
010011644210652321
142020600311332220
511210652221613000
230310131000653011
423021423110104000
134011110020613301
523121421320344320
303111040211621010
050321620321002300
652121654200444011
341220030221102010
252111120110334020
321011324200433001
034110123200341221
622210633320453300
242300541120634311
033010551001051101
631221324200233110
433221530310004120
652321054301100321
440011424021621200
423110041211612311
144010434300113021
601300554121131000
410101152300504301
440301130311430311
520021423301304200
214311012311342100
250301551320434001
634120503111431110
413100421310022301
210100054220653200
250000010320233311
501300553010401010
224001602311242020
431200643321050201
322220050011102200
450020130021512221
614111520211350311
