Architectures = [
   [151210123221223301379297],
   [642111610111632201124481],
   [241211553020000100136116],
   [624121233100411120485112],
   [533301540301444120494469],
   [313001412000053000175310],
   [014320041310651211325458],
   [251010452011330001318130],
   [230101601001134320487249],
   [313310602201454111213203],
   [242321453020601000208418],
   [453310300101233000274340],
   [531110131000201110107209],
   [114210343101640001101371],
   [354111613110321220305229],
   [542111600220302001403167],
   [650020133010601301393382],
   [104320442201143101219104],
   [623111150201010011252487],
   [001321052311250021461318],
   [443020302111641111239280],
   [342311253320440210467412],
   [414211101301033021373102],
   [530320513220301221294398],
   [244210541111354211125281],
   [134121120201501000214361],
   [440200643220040121431244],
   [533101252310102110343357],
   [631120400021420220100150],
   [022010313000630300483163],
   [153001004110043110419429],
   [422211540310441120162199],
   [020211334120450321149356],
   [333310301121304200438127],
   [501101500101101000373249],
   [323101131311054200340406],
   [040300622221501201314183],
   [510221644010231320335420],
   [520001222110414121485263],
   [030021254201652321375112],
   [444311613220253311370148],
   [623021622001041100478316],
   [531321110111504210226465],
   [213221052211102200433316],
   [453000442101621020337411],
   [614300044021513021450146],
   [341300121201211321121445],
]