31.99061906722284
18.91119128561789
12.68755178201583
32.2040601699583
20.525340291761584
12.463383137699097
32.61141575344147
20.910005373339498
12.855183330274397

32.54252368404019
19.50397523180131
12.250446249400415
32.18937712523245
19.30311974979216
12.552834690578523
31.816555380821228
20.0991882422278
12.63328472260506
32.32249685064439
19.71009053818641
12.611101679263577
32.83917575497781
23.168985536982937
12.934632113864344
31.292973079989032
18.051278613267407
12.178965315703422
32.19033098220825
19.189288221059307
12.455006644610435
32.11164438532245
19.578023126048425
12.514505543055073
31.438392415162056
19.922428637742996
12.269699170704811
32.059589672473166
20.455668649365826
12.611297189227995
31.85557319656495
19.431160303854174
12.381091239952273
31.83305787271069
18.26384778945677
12.428659860164888
31.864062828402364
21.67345797054229
13.061976063636042
32.36636353308155
18.676250882687107
12.279329718120637
31.932565742923366
19.442768604524673
12.465816363211601
32.831320216578824
22.73404440764458
13.267106658989384
31.82081918178066
19.24325849933009
12.446062294706222
32.22023097161324
19.68339939078977
12.43628793714508
31.877388486939093
19.448891917544028
12.31902303714906
32.22865007000585
19.12838517658172
12.348015561219185
32.278038928585666
18.242505188911192
12.170452080426678
31.384983429985663
18.615315976642794
12.573781682598975
31.93581980659116
19.69175914218349
12.671997713465844
32.06634879881336
18.86626041416199
12.46619878853521
31.478575092169546
19.850280448313683
12.970368425692282
32.12365765725413
18.724674414242468
12.484640399294515
31.921355349402273
19.054425662563695
12.445953498924933
31.928216211257443
20.565275922898323
12.62405424973657
31.653047965418907
19.583622552694813
12.452966657377058
32.00939514367811
18.799350650079788
12.344927522443957
31.77530607100456
19.379795778182245
12.355805091319546
32.65685475641681
20.340783863298356
12.591811728573614
31.932401955127716
19.35325267141865
12.568582941447534
31.651435231008836
19.125371056218302
12.438603836682535
31.846955956951266
18.268998964178948
12.397870366611789
31.69930596697715
19.943912133093804
12.582036661524926
32.32447542105952
19.66844081686389
12.809243562721438
32.013092121770306
19.020186281973317
12.144937992095947
32.233052299868675
20.481320214848363
12.64922258450139
32.21756544420796
19.109920554584072
12.560569324801046
32.00651891577628
19.59129326574264
12.531117781516045
32.01098399969839
19.81324908041185
12.267291223810565
32.4632610313354
18.71351041140095
12.507204392744649
32.3183729456317
18.426717244809673
12.148195398430671
32.43594538011858
20.177234705417387
12.956090956926346
