genome1:[1, 5, 1, 2, 1, 0] genome2:[1, 2, 3, 2, 2, 1] genome3:[2, 2, 3, 3, 0, 1] mAP:0.00040409830654715445
genome1:[6, 4, 2, 1, 1, 1] genome2:[6, 1, 0, 1, 1, 1] genome3:[6, 3, 2, 2, 0, 1] mAP:0.0037026793726689213
genome1:[2, 4, 1, 2, 1, 1] genome2:[5, 5, 3, 0, 2, 0] genome3:[0, 0, 0, 1, 0, 0] mAP:nan
genome1:[6, 2, 4, 1, 2, 1] genome2:[2, 3, 3, 1, 0, 0] genome3:[4, 1, 1, 1, 2, 0] mAP:nan
genome1:[5, 3, 3, 3, 0, 1] genome2:[5, 4, 0, 3, 0, 1] genome3:[4, 4, 4, 1, 2, 0] mAP:0.0017952090794486658
genome1:[3, 1, 3, 0, 0, 1] genome2:[4, 1, 2, 0, 0, 0] genome3:[0, 5, 3, 0, 0, 0] mAP:nan
genome1:[0, 1, 4, 3, 2, 0] genome2:[0, 4, 1, 3, 1, 0] genome3:[6, 5, 1, 2, 1, 1] mAP:0.0066544604743575
genome1:[2, 5, 1, 0, 1, 0] genome2:[4, 5, 2, 0, 1, 1] genome3:[3, 3, 0, 0, 0, 1] mAP:nan
genome1:[2, 3, 0, 1, 0, 1] genome2:[6, 0, 1, 0, 0, 1] genome3:[1, 3, 4, 3, 2, 0] mAP:0.0011156222291782006
genome1:[3, 1, 3, 3, 1, 0] genome2:[6, 0, 2, 2, 0, 1] genome3:[4, 5, 4, 1, 1, 1] mAP:0.0013597205966956669
genome1:[2, 4, 2, 3, 2, 1] genome2:[4, 5, 3, 0, 2, 0] genome3:[6, 0, 1, 0, 0, 0] mAP:nan
genome1:[4, 5, 3, 3, 1, 0] genome2:[3, 0, 0, 1, 0, 1] genome3:[2, 3, 3, 0, 0, 0] mAP:0.0016910812029471765
genome1:[5, 3, 1, 1, 1, 0] genome2:[1, 3, 1, 0, 0, 0] genome3:[2, 0, 1, 1, 1, 0] mAP:0.0014249683142854618
genome1:[1, 1, 4, 2, 1, 0] genome2:[3, 4, 3, 1, 0, 1] genome3:[6, 4, 0, 0, 0, 1] mAP:0.0005767496486941537
genome1:[3, 5, 4, 1, 1, 1] genome2:[6, 1, 3, 1, 1, 0] genome3:[3, 2, 1, 2, 2, 0] mAP:nan
genome1:[5, 4, 2, 1, 1, 1] genome2:[6, 0, 0, 2, 2, 0] genome3:[3, 0, 2, 0, 0, 1] mAP:0.00036739223575280917
genome1:[6, 5, 0, 0, 2, 0] genome2:[1, 3, 3, 0, 1, 0] genome3:[6, 0, 1, 3, 0, 1] mAP:nan
genome1:[1, 0, 4, 3, 2, 0] genome2:[4, 4, 2, 2, 0, 1] genome3:[1, 4, 3, 1, 0, 1] mAP:0.0013546831394126127
genome1:[6, 2, 3, 1, 1, 1] genome2:[1, 5, 0, 2, 0, 1] genome3:[0, 1, 0, 0, 1, 1] mAP:1.6959918636760218e-06
genome1:[0, 0, 1, 3, 2, 1] genome2:[0, 5, 2, 3, 1, 1] genome3:[2, 5, 0, 0, 2, 1] mAP:0.005451075036774625
genome1:[4, 4, 3, 0, 2, 0] genome2:[3, 0, 2, 1, 1, 1] genome3:[6, 4, 1, 1, 1, 1] mAP:nan
genome1:[3, 4, 2, 3, 1, 1] genome2:[2, 5, 3, 3, 2, 0] genome3:[4, 4, 0, 2, 1, 0] mAP:0.0064465652250654095
genome1:[4, 1, 4, 2, 1, 1] genome2:[1, 0, 1, 3, 0, 1] genome3:[0, 3, 3, 0, 2, 1] mAP:nan
genome1:[5, 3, 0, 3, 2, 0] genome2:[5, 1, 3, 2, 2, 0] genome3:[3, 0, 1, 2, 2, 1] mAP:nan
genome1:[2, 4, 4, 2, 1, 0] genome2:[5, 4, 1, 1, 1, 1] genome3:[3, 5, 4, 2, 1, 1] mAP:nan
genome1:[1, 3, 4, 1, 2, 1] genome2:[1, 2, 0, 2, 0, 1] genome3:[5, 0, 1, 0, 0, 0] mAP:nan
genome1:[4, 4, 0, 2, 0, 0] genome2:[6, 4, 3, 2, 2, 0] genome3:[0, 4, 0, 1, 2, 1] mAP:0.006044085986994125
genome1:[5, 3, 3, 1, 0, 1] genome2:[2, 5, 2, 3, 1, 0] genome3:[1, 0, 2, 1, 1, 0] mAP:8.005625824188138e-05
genome1:[6, 3, 1, 1, 2, 0] genome2:[4, 0, 0, 0, 2, 1] genome3:[4, 2, 0, 2, 2, 0] mAP:0.0018675111817543979
genome1:[0, 2, 2, 0, 1, 0] genome2:[3, 1, 3, 0, 0, 0] genome3:[6, 3, 0, 3, 0, 0] mAP:nan
genome1:[1, 5, 3, 0, 0, 1] genome2:[0, 0, 4, 1, 1, 0] genome3:[0, 4, 3, 1, 1, 0] mAP:nan
genome1:[4, 2, 2, 2, 1, 1] genome2:[5, 4, 0, 3, 1, 0] genome3:[4, 4, 1, 1, 2, 0] mAP:nan
genome1:[0, 2, 0, 2, 1, 1] genome2:[3, 3, 4, 1, 2, 0] genome3:[4, 5, 0, 3, 2, 1] mAP:0.0010558504692488606
genome1:[3, 3, 3, 3, 1, 0] genome2:[3, 0, 1, 1, 2, 1] genome3:[3, 0, 4, 2, 0, 0] mAP:nan
genome1:[5, 0, 1, 1, 0, 1] genome2:[5, 0, 0, 1, 0, 1] genome3:[1, 0, 1, 0, 0, 0] mAP:0.0041631081110828526
genome1:[3, 2, 3, 1, 0, 1] genome2:[1, 3, 1, 3, 1, 1] genome3:[0, 5, 4, 2, 0, 0] mAP:0.0065297169795075615
genome1:[0, 4, 0, 3, 0, 0] genome2:[6, 2, 2, 2, 2, 1] genome3:[5, 0, 1, 2, 0, 1] mAP:nan
genome1:[5, 1, 0, 2, 2, 1] genome2:[6, 4, 4, 0, 1, 0] genome3:[2, 3, 1, 3, 2, 0] mAP:0.0016711455268355517
genome1:[5, 2, 0, 0, 0, 1] genome2:[2, 2, 2, 1, 1, 0] genome3:[4, 1, 4, 1, 2, 1] mAP:0.0017545966349624016
genome1:[0, 3, 0, 0, 2, 1] genome2:[2, 5, 4, 2, 0, 1] genome3:[6, 5, 2, 3, 2, 1] mAP:nan
genome1:[4, 4, 4, 3, 1, 1] genome2:[6, 1, 3, 2, 2, 0] genome3:[2, 5, 3, 3, 1, 1] mAP:0.003242716551400148
genome1:[6, 2, 3, 0, 2, 1] genome2:[6, 2, 2, 0, 0, 1] genome3:[0, 4, 1, 1, 0, 0] mAP:0.0014097561578747335
genome1:[5, 3, 1, 3, 2, 1] genome2:[1, 1, 0, 1, 1, 1] genome3:[5, 0, 4, 2, 1, 0] mAP:nan
genome1:[2, 1, 3, 2, 2, 1] genome2:[0, 5, 2, 2, 1, 1] genome3:[1, 0, 2, 2, 0, 0] mAP:0.00618368004714804
genome1:[4, 5, 3, 0, 0, 0] genome2:[4, 4, 2, 1, 0, 1] genome3:[6, 2, 1, 0, 2, 0] mAP:0.00035589356020164606
genome1:[6, 1, 4, 3, 0, 0] genome2:[0, 4, 4, 0, 2, 1] genome3:[5, 1, 3, 0, 2, 1] mAP:0.0023360223417262455
genome1:[3, 4, 1, 3, 0, 0] genome2:[1, 2, 1, 2, 0, 1] genome3:[2, 1, 1, 3, 2, 1] mAP:nan
genome1:[5, 1, 4, 3, 0, 1] genome2:[0, 2, 0, 1, 0, 0] genome3:[4, 3, 0, 1, 0, 0] mAP:nan
